
---------------------------------------
>>> DATASET: pr1002   (p=1)
---------------------------------------
Parallel GA TSP | islands=1, pop/island=1200, gens=50, cx=0.80, mut=0.05, k=4, migInt=50, twoopt=1
Dataset: data/pr1002.txt
[load] opening data/pr1002.txt
[load] n=1002
[load] coords read ok; building dist matrix...
[load] done
[run] islands=1 pop/island=1200 gens=50 twoopt=1 migInt=50
[run] gen=10 best=273190.215750
[run] gen=20 best=271885.306424
[run] gen=30 best=271885.306424
[run] gen=40 best=271051.310184
[run] gen=50 best=270127.159033
Best tour length: 270127.159033
Elapsed (parallel, p=1): 1398.3094 s
Best tour: 869 870 871 868 867 872 866 865 864 863 854 853 856 855 861 862 860 859 858 857 851 852 849 850 842 841 896 897 895 893 894 843 844 848 847 845 846 892 891 873 874 876 889 890 888 887 886 919 918 898 899 900 901 917 916 915 903 902 904 905 906 907 1000 808 809 810 819 811 812 814 840 839 838 837 1001 836 835 834 833 832 831 830 829 828 825 826 827 816 815 813 817 818 820 821 822 823 824 552 553 554 555 556 558 559 557 551 550 549 547 541 542 543 540 539 544 538 537 536 535 534 532 530 531 533 527 526 525 528 524 521 515 516 520 519 517 518 545 546 548 561 560 562 563 564 565 566 567 569 568 513 514 522 523 529 998 509 510 508 507 506 505 504 503 502 501 500 497 498 499 488 487 486 511 512 484 485 489 490 491 483 482 492 493 494 495 496 224 225 226 227 228 230 229 231 232 234 233 220 221 222 223 219 218 217 235 236 190 189 191 192 193 196 197 198 199 207 208 216 215 214 213 212 211 210 209 206 204 205 203 202 200 201 195 194 186 187 188 238 237 239 241 240 185 250 251 994 152 153 154 155 156 184 183 182 181 995 180 179 178 177 176 175 174 173 172 169 170 171 160 159 158 157 161 162 163 164 165 166 167 168 151 150 149 148 143 142 141 140 139 138 144 145 147 146 125 255 254 253 252 248 249 246 247 259 260 261 245 244 243 242 262 263 264 265 266 267 268 270 271 269 258 257 256 120 119 121 122 123 124 126 127 128 129 130 131 136 137 135 134 133 132 99 100 101 102 103 104 105 118 116 117 115 114 113 111 112 110 109 108 107 106 993 98 96 95 97 90 91 89 76 92 93 94 75 74 73 0 1 4 2 3 5 6 7 8 9 13 12 14 15 16 10 11 69 68 67 71 70 72 53 56 54 55 66 65 63 62 61 60 64 58 57 59 38 37 36 35 34 33 32 31 23 24 22 21 20 17 18 19 25 30 29 28 26 27 331 332 333 397 396 395 399 398 400 381 382 383 394 393 391 389 390 339 338 334 335 336 337 341 340 342 343 344 349 348 345 346 347 352 350 351 359 358 357 353 356 354 355 659 660 661 655 654 656 657 658 641 640 643 642 653 652 651 650 649 648 647 646 645 644 638 639 372 371 370 369 376 368 377 367 366 365 364 363 362 361 360 388 392 386 387 385 384 380 378 379 408 407 401 402 403 286 287 288 289 290 291 292 295 294 293 320 321 322 319 318 315 324 325 323 326 327 328 329 330 313 314 312 44 43 42 41 48 40 49 39 50 52 51 80 79 81 78 77 87 88 86 85 84 82 83 47 46 45 311 317 316 310 309 308 307 306 305 304 990 296 297 285 284 283 298 299 303 302 301 300 282 281 280 279 278 277 276 275 274 273 272 468 467 466 465 464 459 458 457 456 429 428 427 460 461 462 463 422 423 424 425 426 418 417 419 421 420 404 405 406 409 415 416 414 413 412 410 411 375 374 373 637 636 635 634 633 632 991 624 625 627 626 613 612 611 604 605 606 607 608 609 610 628 629 630 631 438 440 439 437 436 435 434 996 430 431 432 433 446 445 441 442 443 444 447 448 449 450 451 452 454 455 453 474 472 473 475 471 470 469 476 477 478 479 480 481 997 578 579 580 581 582 583 584 585 586 576 577 574 572 573 571 570 590 591 592 593 594 595 596 589 588 575 587 597 598 599 600 601 602 603 794 795 796 797 807 806 805 804 803 799 798 800 801 802 781 910 909 908 914 913 911 912 776 775 777 778 779 780 782 783 784 785 786 787 792 793 791 790 789 788 755 756 757 758 759 760 761 774 772 773 771 770 769 958 957 956 959 766 768 767 765 764 763 762 999 754 753 752 751 750 749 748 747 746 745 732 733 734 737 743 744 742 741 740 739 738 736 735 729 730 731 614 615 616 617 623 622 621 620 618 619 726 728 727 725 724 723 722 721 720 716 715 714 713 712 711 710 709 707 708 706 695 694 693 692 691 690 689 688 717 719 718 667 666 662 663 664 665 669 668 670 671 672 673 674 675 676 677 678 680 679 687 686 685 681 684 682 683 987 988 989 983 982 984 985 986 969 970 981 979 980 971 974 978 977 976 975 973 972 966 967 968 700 699 698 697 696 705 704 703 702 701 965 964 963 962 961 960 992 955 954 953 952 951 950 949 948 947 946 945 944 943 942 941 940 939 938 937 936 935 934 933 932 931 930 929 928 927 925 926 924 923 922 921 920 884 883 885 882 881 880 879 878 877 875 

---------------------------------------
>>> DATASET: pr1002   (p=2)
---------------------------------------
[load] opening data/pr1002.txt
[load] n=1002
Parallel GA TSP | islands=2, pop/island=1200, gens=50, cx=0.80, mut=0.05, k=4, migInt=50, twoopt=1
Dataset: data/pr1002.txt
[load] opening data/pr1002.txt
[load] n=1002
[load] coords read ok; building dist matrix...
[load] coords read ok; building dist matrix...
[load] done
[load] done
[run] islands=2 pop/island=1200 gens=50 twoopt=1 migInt=50
[run] gen=10 best=273190.215750
[run] gen=20 best=271885.306424
[run] gen=30 best=271885.306424
[run] gen=40 best=271051.310184
[run] gen=50 best=269428.158844
Best tour length: 269428.158844
Elapsed (parallel, p=2): 2197.9237 s
Best tour: 234 232 231 229 224 225 226 227 228 230 263 262 242 243 245 244 246 247 248 249 250 251 994 252 253 254 255 256 257 258 269 259 260 261 265 264 266 267 268 270 271 272 273 274 275 276 277 278 279 280 281 282 300 301 302 303 110 109 111 112 113 114 115 117 105 104 118 116 119 120 121 122 123 103 102 993 106 107 108 47 46 45 308 307 306 305 304 990 296 297 299 298 283 284 285 286 287 403 402 401 288 289 290 291 292 295 294 293 320 321 322 319 317 316 310 309 311 312 318 315 314 313 325 324 323 326 327 328 329 330 333 332 331 27 26 28 29 30 25 19 18 17 20 21 22 24 23 31 61 62 63 65 66 55 54 56 57 58 64 60 59 33 32 34 35 36 37 38 39 40 41 44 43 42 48 49 50 52 51 53 72 70 71 67 68 69 11 10 12 15 16 14 13 9 8 7 6 5 3 2 4 1 0 75 74 73 79 80 82 83 84 85 86 88 87 81 78 77 76 92 93 91 89 90 98 97 96 95 94 135 134 133 132 99 100 101 128 127 126 124 125 146 147 145 144 130 129 131 136 137 138 139 140 141 142 143 148 149 150 151 152 153 154 164 165 168 167 166 163 155 156 157 161 162 160 159 158 184 183 171 170 169 172 173 174 175 176 177 178 179 180 182 181 995 202 203 205 204 206 207 199 198 197 200 196 201 195 194 186 185 240 241 239 238 187 193 192 188 191 189 237 236 235 190 217 218 219 213 214 212 215 216 211 210 208 209 503 502 504 505 508 507 506 501 500 497 498 499 488 487 486 512 511 510 509 998 530 531 533 532 534 535 536 537 538 539 544 543 540 542 541 547 546 545 518 564 563 548 561 562 560 549 550 551 552 553 554 824 823 822 821 820 810 811 819 818 817 812 813 815 816 827 826 825 828 829 830 831 832 833 834 835 836 814 840 839 838 837 1001 857 851 850 842 843 844 847 848 849 852 856 853 854 855 861 859 858 860 862 863 864 865 866 867 868 871 870 869 875 877 878 879 880 881 882 883 884 886 885 887 888 890 889 876 874 872 873 846 845 891 892 893 894 895 896 841 897 898 906 907 905 902 903 904 908 1000 809 808 807 806 805 804 799 798 797 796 795 794 793 792 787 784 783 785 786 800 801 803 802 781 782 780 779 778 777 775 776 912 911 910 909 913 914 925 915 916 917 901 900 899 918 919 920 921 922 923 924 926 927 928 929 930 931 932 933 934 935 936 937 938 956 957 958 959 766 765 767 768 769 770 771 772 774 773 761 760 759 758 757 756 755 788 789 790 791 750 751 749 748 732 745 747 746 753 752 754 999 762 763 764 740 741 742 744 743 733 734 737 738 739 703 702 701 965 964 963 962 961 960 992 952 953 955 954 939 940 941 942 943 944 945 946 947 951 950 948 949 976 977 978 975 974 979 980 981 970 969 986 985 984 982 983 989 988 987 683 682 684 681 675 674 673 676 677 672 671 670 668 669 665 664 663 662 666 667 718 719 717 716 720 721 722 723 724 725 726 728 727 711 710 709 712 713 714 715 695 693 694 689 688 687 679 678 680 686 685 690 691 692 968 971 973 972 966 967 700 699 698 697 704 696 705 706 708 707 736 735 729 730 731 615 614 613 612 611 626 627 625 624 991 632 633 634 635 636 373 374 375 376 368 369 370 371 372 640 639 637 638 644 645 646 647 648 622 623 616 617 618 619 620 621 649 650 651 653 652 643 642 641 658 657 656 654 655 661 660 659 355 354 356 357 358 353 347 346 345 348 349 352 351 350 344 343 342 340 341 337 336 335 334 338 339 393 394 383 399 395 396 397 398 400 381 382 384 385 386 387 388 392 391 390 389 359 360 361 362 363 364 365 366 367 377 378 380 379 408 407 409 410 411 412 413 414 416 415 405 406 404 420 421 419 417 418 426 425 424 423 422 463 462 461 460 427 428 429 459 464 465 466 467 468 469 470 471 476 475 474 473 472 458 457 456 455 454 452 451 450 453 449 447 444 443 442 445 446 433 432 431 430 996 434 435 436 437 438 440 439 441 630 631 629 628 610 609 608 607 606 605 604 603 602 601 600 599 598 597 586 585 584 448 583 582 581 580 576 577 574 575 587 588 589 596 595 594 593 592 556 555 557 559 558 591 590 573 572 571 570 569 568 567 565 566 517 519 516 520 521 524 525 526 527 528 529 523 522 514 515 513 578 579 997 477 478 479 480 481 484 485 489 490 491 483 482 492 493 494 495 496 223 222 221 220 233 

---------------------------------------
>>> DATASET: pr1002   (p=4)
---------------------------------------
Parallel GA TSP | islands=4, pop/island=1200, gens=50, cx=0.80, mut=0.05, k=4, migInt=50, twoopt=1
Dataset: data/pr1002.txt
[load] opening data/pr1002.txt
[load] n=1002
[load] coords read ok; building dist matrix...
[load] opening data/pr1002.txt
[load] n=1002
[load] coords read ok; building dist matrix...
[load] opening data/pr1002.txt
[load] n=1002
[load] coords read ok; building dist matrix...
[load] opening data/pr1002.txt
[load] n=1002
[load] coords read ok; building dist matrix...
[load] done
[load] done
[load] done
[load] done
[run] islands=4 pop/island=1200 gens=50 twoopt=1 migInt=50
[run] gen=10 best=273190.215750
[run] gen=20 best=271885.306424
[run] gen=30 best=271885.306424
[run] gen=40 best=271051.310184
[run] gen=50 best=268664.505191
Best tour length: 268664.505191
Elapsed (parallel, p=4): 2221.5415 s
Best tour: 840 839 838 837 836 835 834 833 832 831 830 829 828 825 826 827 816 818 822 823 824 821 820 807 806 805 804 799 798 797 796 795 794 603 602 601 600 599 598 596 595 594 592 593 588 589 590 591 558 559 557 556 555 554 553 552 551 550 549 548 561 560 562 564 563 545 546 547 541 542 540 543 544 539 538 537 536 535 534 532 530 531 533 527 526 525 528 524 521 520 519 518 517 516 515 566 565 567 569 568 513 514 522 523 529 998 509 508 507 506 505 504 503 502 501 500 497 498 499 488 487 510 511 512 486 485 484 489 490 491 483 482 492 493 494 495 496 223 222 221 220 219 218 217 216 215 214 213 212 211 210 209 208 207 206 205 204 202 203 199 198 197 200 196 193 192 188 191 189 190 236 235 234 233 232 231 229 224 225 226 227 228 230 262 263 264 265 266 267 268 270 269 259 260 261 245 244 243 242 241 185 240 239 237 238 187 186 194 195 201 995 181 182 180 179 178 177 176 175 174 173 172 169 170 171 160 159 183 184 158 157 161 162 156 155 163 166 167 168 165 164 154 153 152 994 251 250 249 246 247 248 252 253 254 255 258 257 256 120 119 121 122 123 125 146 147 145 144 142 143 148 149 150 151 141 140 139 138 137 136 131 130 129 128 127 126 124 101 100 99 132 133 134 135 75 74 73 0 1 4 2 3 5 6 7 8 9 13 12 14 15 16 10 11 67 68 69 70 72 71 66 65 63 62 61 32 33 59 60 64 58 57 56 55 54 53 51 52 50 49 40 39 38 37 36 35 34 31 23 24 22 21 20 17 18 19 25 30 29 28 26 27 331 332 333 327 326 328 329 330 313 325 323 324 314 315 312 44 43 42 41 48 83 82 80 79 81 78 77 76 92 93 94 95 96 97 98 90 91 89 86 88 87 85 84 108 107 106 993 102 103 104 105 117 118 116 115 114 113 111 109 110 112 303 302 301 300 282 281 280 279 278 277 276 275 274 273 271 272 466 467 468 469 470 471 476 477 478 479 480 481 997 579 578 570 571 573 572 574 577 576 575 587 597 586 580 581 582 583 585 584 448 447 449 450 451 452 454 453 474 475 473 472 458 459 457 455 456 427 428 429 430 431 432 433 445 446 444 443 442 441 439 440 631 630 629 628 610 609 608 607 606 605 604 612 611 626 627 625 624 991 632 633 438 437 436 435 434 996 426 425 424 423 460 464 465 463 462 461 422 403 287 286 285 284 283 298 299 297 296 990 304 305 307 306 46 47 45 308 309 310 311 316 317 318 319 322 321 320 293 292 294 295 288 289 290 291 401 402 407 408 409 406 405 404 420 421 419 418 417 414 416 415 413 412 411 410 379 380 378 376 375 374 373 634 635 636 637 638 639 640 372 371 370 369 368 377 367 366 365 364 363 362 361 360 389 388 387 386 385 384 381 382 383 399 400 398 397 396 395 394 393 392 391 390 339 338 334 335 336 337 341 340 342 343 344 345 346 347 348 349 350 352 351 359 358 357 353 356 354 355 659 660 661 655 654 656 657 658 641 642 653 651 652 643 646 645 644 647 650 649 648 621 620 622 623 619 618 617 616 615 614 613 731 730 729 735 736 707 708 706 695 694 693 692 691 690 689 715 713 712 711 710 709 728 726 725 724 723 727 722 721 714 720 716 717 719 718 667 666 662 663 664 665 669 668 670 671 672 677 676 673 674 675 681 680 678 679 687 688 686 685 684 682 683 987 988 989 983 982 984 985 986 969 981 979 980 970 971 968 972 973 974 975 978 977 976 949 948 950 951 947 946 945 944 943 942 941 940 939 954 955 953 952 992 960 961 962 963 964 965 966 967 700 699 698 697 696 705 704 703 701 702 739 738 737 734 733 732 748 749 750 751 752 753 754 746 747 745 742 744 743 741 740 764 763 762 999 758 759 760 761 774 772 773 771 770 769 767 765 766 768 959 958 957 956 938 937 936 935 934 933 932 931 930 929 928 927 926 925 915 903 902 916 917 924 923 922 921 920 884 883 882 881 880 879 878 877 876 873 874 875 869 870 868 871 872 867 866 865 864 863 862 860 858 859 861 855 854 853 856 1001 857 851 852 849 850 842 841 896 897 895 893 894 843 844 848 847 845 846 892 891 890 889 888 887 885 886 919 918 901 900 899 898 906 907 905 904 914 913 912 776 775 777 778 779 780 782 783 785 784 757 756 755 788 789 790 791 793 792 787 786 800 801 803 802 781 911 910 909 908 1000 808 809 810 819 811 812 817 813 815 814 

---------------------------------------
>>> DATASET: pr1002   (p=8)
---------------------------------------
Parallel GA TSP | islands=8, pop/island=1200, gens=50, cx=0.80, mut=0.05, k=4, migInt=50, twoopt=1
Dataset: data/pr1002.txt
[load] opening data/pr1002.txt
[load] n=1002
[load] coords read ok; building dist matrix...
[load] opening data/pr1002.txt
[load] n=1002
[load] coords read ok; building dist matrix...
[load] opening data/pr1002.txt
[load] n=1002
[load] coords read ok; building dist matrix...
[load] opening data/pr1002.txt
[load] n=1002
[load] coords read ok; building dist matrix...
[load] opening data/pr1002.txt
[load] n=1002
[load] coords read ok; building dist matrix...
[load] opening data/pr1002.txt
[load] n=1002
[load] coords read ok; building dist matrix...
[load] opening data/pr1002.txt
[load] n=1002
[load] coords read ok; building dist matrix...
[load] opening data/pr1002.txt
[load] n=1002
[load] coords read ok; building dist matrix...
[load] done
[load] done
[load] done
[load] done
[load] done
[load] done
[load] done
[load] done
[run] islands=8 pop/island=1200 gens=50 twoopt=1 migInt=50
[run] gen=10 best=273190.215750
[run] gen=20 best=271885.306424
